11111111111111111111111111111111
10000000000000000000000000000001
10000000000000001100000000000001
10000000000000011100000000000001
10000000000000111100000000000001
10000000000000001100000000000001
10000000000000001100000000000001
10000000000000001100000000000001
10000000000000001100000000000001
10000000000000001100000000000001
10000000000000001100000000000001
10000000000000001100000000000001
10000000000000001100000000000001
10000000000000111110000000000001
10000000000000000000000000000001
11111111111111111111111111111111