11111111111111111111111111111111
10000000000000000000000000000001
10000000000000011110000000000001
10000000000000100001000000000001
10000000000001000001000000000001
10000000000000000001000000000001
10000000000000000001000000000001
10000000000000000010000000000001
10000000000000000100000000000001
10000000000000001000000000000001
10000000000000010000000000000001
10000000000000100000000000000001
10000000000001000000000000000001
10000000000001111111000000000001
10000000000000000000000000000001
11111111111111111111111111111111