00000000000000000000000000000000
00000000000000000000000000000000
00000000000000000000000000000000
00000000000000000000000000000000
00000000111110000111110001000000
00000001000001001000001001000000
00000001000000001000001001000000
00000001001111001000001001000000
00000001000001001000001001000000
00000001000001001000001001000000
00000001000001001000001000000000
00000000111110000111110001000000
00000000000000000000000000000000
00000000000000000000000000000000
00000000000000000000000000000000
00000000000000000000000000000000