00000000000000000000000000000000
00000000000000000000000000000000
01110001000010101011101001001110
01001011000010101001001101010000
01110001000010101001001011001100
01000001000010101001001001000010
01000011100001010011101001011100
00000000000000000000000000000000
00000000000000000000000000000000
01110001000010101011101001001110
01001011000010101001001101010000
01110001000010101001001011001100
01000001000010101001001001000010
01000011100001010011101001011100
00000000000000000000000000000000
00000000000000000000000000000000