00000000000000000000000000000000
00000000000000000000000000000000
01110011100010101011101001001110
01001000010010101001001101010000
01110001100010101001001011001100
01000010000010101001001001000010
01000011110001010011101001011100
00000000000000000000000000000000
00000000000000000000000000000000
01110011100010101011101001001110
01001000010010101001001101010000
01110001100010101001001011001100
01000010000010101001001001000010
01000011110001010011101001011100
00000000000000000000000000000000
00000000000000000000000000000000